{
 "chain_iptm": [
  0.26,
  0.3,
  0.31,
  0.31,
  0.3,
  0.25
 ],
 "chain_pair_iptm": [
  [
   0.22,
   0.34,
   0.31,
   0.26,
   0.23,
   0.18
  ],
  [
   0.34,
   0.24,
   0.35,
   0.31,
   0.27,
   0.21
  ],
  [
   0.31,
   0.35,
   0.24,
   0.35,
   0.31,
   0.25
  ],
  [
   0.26,
   0.31,
   0.35,
   0.23,
   0.35,
   0.29
  ],
  [
   0.23,
   0.27,
   0.31,
   0.35,
   0.23,
   0.33
  ],
  [
   0.18,
   0.21,
   0.25,
   0.29,
   0.33,
   0.21
  ]
 ],
 "chain_pair_pae_min": [
  [
   0.76,
   1.51,
   2.03,
   3.12,
   4.26,
   5.69
  ],
  [
   1.33,
   0.76,
   1.4,
   2.33,
   3.4,
   4.79
  ],
  [
   1.84,
   1.41,
   0.76,
   1.51,
   2.42,
   3.87
  ],
  [
   2.92,
   2.04,
   1.48,
   0.76,
   1.37,
   2.96
  ],
  [
   4.23,
   2.91,
   2.17,
   1.49,
   0.76,
   1.51
  ],
  [
   5.84,
   4.64,
   3.31,
   2.45,
   1.85,
   0.76
  ]
 ],
 "chain_ptm": [
  0.22,
  0.24,
  0.24,
  0.23,
  0.23,
  0.21
 ],
 "fraction_disordered": 1.0,
 "has_clash": 0.0,
 "iptm": 0.47,
 "num_recycles": 10.0,
 "ptm": 0.48,
 "ranking_score": 0.97
}