{
 "chain_iptm": [
  0.25,
  0.29,
  0.31,
  0.32,
  0.31,
  0.3,
  0.28,
  0.22
 ],
 "chain_pair_iptm": [
  [
   0.12,
   0.37,
   0.33,
   0.27,
   0.23,
   0.2,
   0.18,
   0.15
  ],
  [
   0.37,
   0.14,
   0.39,
   0.33,
   0.28,
   0.25,
   0.21,
   0.16
  ],
  [
   0.33,
   0.39,
   0.13,
   0.39,
   0.33,
   0.28,
   0.25,
   0.18
  ],
  [
   0.27,
   0.33,
   0.39,
   0.13,
   0.39,
   0.35,
   0.28,
   0.21
  ],
  [
   0.23,
   0.28,
   0.33,
   0.39,
   0.13,
   0.38,
   0.33,
   0.24
  ],
  [
   0.2,
   0.25,
   0.28,
   0.35,
   0.38,
   0.13,
   0.38,
   0.29
  ],
  [
   0.18,
   0.21,
   0.25,
   0.28,
   0.33,
   0.38,
   0.14,
   0.32
  ],
  [
   0.15,
   0.16,
   0.18,
   0.21,
   0.24,
   0.29,
   0.32,
   0.12
  ]
 ],
 "chain_pair_pae_min": [
  [
   0.76,
   3.3,
   3.97,
   5.37,
   6.0,
   6.53,
   7.53,
   10.67
  ],
  [
   3.39,
   0.76,
   1.84,
   3.52,
   4.65,
   5.16,
   6.43,
   8.83
  ],
  [
   3.86,
   1.94,
   0.76,
   1.88,
   2.77,
   4.55,
   5.92,
   9.48
  ],
  [
   5.67,
   3.45,
   1.76,
   0.76,
   1.56,
   2.69,
   5.19,
   8.14
  ],
  [
   6.47,
   5.22,
   2.52,
   1.76,
   0.76,
   1.7,
   3.49,
   7.98
  ],
  [
   7.27,
   5.76,
   4.05,
   3.01,
   1.87,
   0.76,
   2.0,
   6.48
  ],
  [
   7.66,
   6.76,
   5.0,
   4.83,
   3.24,
   2.38,
   0.76,
   4.93
  ],
  [
   11.04,
   9.47,
   8.0,
   7.81,
   6.52,
   6.17,
   5.46,
   0.76
  ]
 ],
 "chain_ptm": [
  0.12,
  0.14,
  0.13,
  0.13,
  0.13,
  0.13,
  0.14,
  0.12
 ],
 "fraction_disordered": 1.0,
 "has_clash": 0.0,
 "iptm": 0.54,
 "num_recycles": 10.0,
 "ptm": 0.57,
 "ranking_score": 1.05
}