{
 "chain_iptm": [
  0.24,
  0.28,
  0.3,
  0.31,
  0.31,
  0.3,
  0.27,
  0.22
 ],
 "chain_pair_iptm": [
  [
   0.12,
   0.36,
   0.32,
   0.26,
   0.23,
   0.19,
   0.18,
   0.15
  ],
  [
   0.36,
   0.13,
   0.39,
   0.32,
   0.28,
   0.24,
   0.21,
   0.16
  ],
  [
   0.32,
   0.39,
   0.13,
   0.39,
   0.33,
   0.27,
   0.25,
   0.18
  ],
  [
   0.26,
   0.32,
   0.39,
   0.13,
   0.39,
   0.34,
   0.27,
   0.21
  ],
  [
   0.23,
   0.28,
   0.33,
   0.39,
   0.13,
   0.38,
   0.32,
   0.23
  ],
  [
   0.19,
   0.24,
   0.27,
   0.34,
   0.38,
   0.13,
   0.37,
   0.27
  ],
  [
   0.18,
   0.21,
   0.25,
   0.27,
   0.32,
   0.37,
   0.13,
   0.31
  ],
  [
   0.15,
   0.16,
   0.18,
   0.21,
   0.23,
   0.27,
   0.31,
   0.12
  ]
 ],
 "chain_pair_pae_min": [
  [
   0.76,
   3.22,
   4.0,
   5.16,
   6.13,
   6.58,
   7.45,
   11.09
  ],
  [
   3.56,
   0.76,
   1.89,
   3.32,
   4.67,
   4.97,
   6.35,
   9.31
  ],
  [
   4.22,
   2.02,
   0.76,
   1.84,
   3.01,
   4.31,
   5.81,
   9.8
  ],
  [
   5.91,
   3.45,
   1.77,
   0.76,
   1.55,
   2.67,
   5.15,
   8.72
  ],
  [
   6.64,
   5.03,
   2.6,
   1.75,
   0.76,
   1.71,
   3.6,
   8.13
  ],
  [
   7.18,
   5.6,
   3.98,
   3.06,
   1.88,
   0.76,
   2.02,
   6.82
  ],
  [
   7.77,
   6.55,
   4.88,
   4.71,
   3.24,
   2.39,
   0.76,
   4.92
  ],
  [
   11.16,
   9.32,
   8.45,
   7.75,
   6.57,
   6.2,
   5.35,
   0.76
  ]
 ],
 "chain_ptm": [
  0.12,
  0.13,
  0.13,
  0.13,
  0.13,
  0.13,
  0.13,
  0.12
 ],
 "fraction_disordered": 1.0,
 "has_clash": 0.0,
 "iptm": 0.53,
 "num_recycles": 10.0,
 "ptm": 0.56,
 "ranking_score": 1.04
}