{
 "chain_iptm": [
  0.23,
  0.28,
  0.3,
  0.31,
  0.3,
  0.29,
  0.27,
  0.21
 ],
 "chain_pair_iptm": [
  [
   0.12,
   0.36,
   0.31,
   0.25,
   0.22,
   0.19,
   0.17,
   0.13
  ],
  [
   0.36,
   0.13,
   0.38,
   0.32,
   0.28,
   0.24,
   0.21,
   0.15
  ],
  [
   0.31,
   0.38,
   0.13,
   0.38,
   0.32,
   0.27,
   0.24,
   0.17
  ],
  [
   0.25,
   0.32,
   0.38,
   0.13,
   0.38,
   0.33,
   0.27,
   0.2
  ],
  [
   0.22,
   0.28,
   0.32,
   0.38,
   0.13,
   0.37,
   0.32,
   0.22
  ],
  [
   0.19,
   0.24,
   0.27,
   0.33,
   0.37,
   0.13,
   0.37,
   0.27
  ],
  [
   0.17,
   0.21,
   0.24,
   0.27,
   0.32,
   0.37,
   0.13,
   0.3
  ],
  [
   0.13,
   0.15,
   0.17,
   0.2,
   0.22,
   0.27,
   0.3,
   0.12
  ]
 ],
 "chain_pair_pae_min": [
  [
   0.76,
   3.52,
   4.18,
   5.44,
   6.27,
   6.65,
   7.69,
   11.3
  ],
  [
   3.69,
   0.76,
   1.93,
   3.44,
   4.78,
   5.21,
   6.51,
   9.5
  ],
  [
   4.38,
   2.18,
   0.76,
   1.94,
   2.89,
   4.61,
   5.97,
   9.86
  ],
  [
   6.24,
   3.59,
   1.82,
   0.76,
   1.61,
   2.77,
   5.28,
   8.58
  ],
  [
   6.64,
   5.19,
   2.66,
   1.8,
   0.76,
   1.78,
   3.65,
   8.31
  ],
  [
   7.35,
   5.84,
   4.0,
   3.16,
   1.92,
   0.76,
   2.0,
   7.08
  ],
  [
   7.88,
   6.72,
   5.02,
   4.9,
   3.35,
   2.55,
   0.76,
   5.16
  ],
  [
   11.61,
   9.87,
   8.61,
   8.15,
   6.85,
   6.38,
   5.46,
   0.76
  ]
 ],
 "chain_ptm": [
  0.12,
  0.13,
  0.13,
  0.13,
  0.13,
  0.13,
  0.13,
  0.12
 ],
 "fraction_disordered": 1.0,
 "has_clash": 0.0,
 "iptm": 0.53,
 "num_recycles": 10.0,
 "ptm": 0.55,
 "ranking_score": 1.03
}